narrowpar <- list(mar = c(2, 2, 1, 0) + 0.1,
                  tck = 0.01,
                  mgp = c(1.1, 0.1, 0))